cm=21; vna=50; vk=-85; vl=-58; vm=-34; camin = 0.005;
vn=-29; vmp=-40; vh=-48; vsyn = -10; vca = 150; vcan = 0;
gna=28; gk=11.2; gl=2.3;
sm=-5; sn=-4; smp=-6; sh=5;
taunb=10; tauhb=10000; kcan=0.74; ncan=0.97;
sig = 0.185; alpha_ca = 0.025; tauca = 500;
f_i=0.000025; lip3=0.37; pip3=31000;
ki=1.0; ka=0.4; vserca=400; kserca=0.2; A=0.005; kd=0.4;

% sigma=0.185; 